0 0.52665
1 0.50212
2 0.546386
3 0.548958
4 0.514281
5 0.549548
6 0.538186
7 0.504378
8 0.538256
9 0.549236
10 0.503961
11 0.542182
12 0.542808
13 0.553266
14 0.541452
15 0.54517
16 0.557366
17 0.550625
18 0.507505
19 0.55483
20 0.49934
21 0.528492
22 0.550973
23 0.54524
24 0.521161
25 0.489924
26 0.539819
27 0.546525
28 0.496213
29 0.542703
30 0.520222
31 0.493051
32 0.542113
33 0.546525
34 0.498124
35 0.544058
36 0.53902
37 0.545552
38 0.531098
39 0.549131
40 0.557853
41 0.555038
42 0.490757
43 0.540236
44 0.493398
45 0.543746
46 0.553301
47 0.550903
48 0.536727
49 0.503405
50 0.552919
51 0.543815
52 0.509694
53 0.539229
54 0.531098
55 0.499444
56 0.544927
57 0.556046
58 0.509798
59 0.544997
60 0.54868
61 0.539924
62 0.549653
63 0.557957
64 0.542495
65 0.557505
66 0.502397
67 0.531341
68 0.503996
69 0.553822
70 0.538186
71 0.544128
72 0.52394
73 0.553058
74 0.527797
75 0.534607
76 0.552849
77 0.531237
78 0.535962
79 0.548541
80 0.532175
81 0.555629
82 0.551876
83 0.559034
84 0.528179
85 0.524079
86 0.537213
87 0.558652
88 0.532557
89 0.55278
90 0.547776
91 0.528978
92 0.559138
93 0.547672
94 0.530507
95 0.550417
96 0.49458
97 0.541835
98 0.492703
99 0.519145
100 0.550278
101 0.533739
102 0.487943
103 0.544962
104 0.492912
105 0.54795
106 0.553683
107 0.552641
108 0.494823
109 0.522168
110 0.493676
111 0.546421
112 0.535476
113 0.544058
114 0.549514
115 0.531515
116 0.555559
117 0.55344
118 0.532523
119 0.540723
120 0.519215
121 0.488846
122 0.527762
123 0.537596
124 0.496352
125 0.535962
126 0.531168
127 0.497811
128 0.541487
129 0.519423
130 0.498124
131 0.510076
132 0.527206
133 0.541313
134 0.523593
135 0.510945
136 0.540653
137 0.513899
138 0.489541
139 0.536275
140 0.487769
141 0.50476
142 0.535129
143 0.510771
144 0.485789
145 0.456463
146 0.491765
147 0.507019
148 0.456498
149 0.511814
150 0.484364
151 0.449896
152 0.520153
153 0.54378
154 0.465393
155 0.539507
156 0.504934
157 0.508304
158 0.514906
159 0.545935
160 0.543155
161 0.554899
162 0.461119
163 0.510667
164 0.474531
165 0.549548
166 0.543989
167 0.558617
168 0.507192
169 0.469249
170 0.499965
171 0.493363
172 0.468972
173 0.492252
174 0.491244
175 0.456185
176 0.513482
177 0.554621
178 0.479256
179 0.552363
180 0.501251
181 0.478492
182 0.516609
183 0.553231
184 0.509069
185 0.551807
186 0.46032
187 0.474774
188 0.4754
189 0.552536
190 0.499757
191 0.549653
192 0.488151
193 0.503058
194 0.484156
195 0.474878
196 0.501807
197 0.484086
198 0.491105
199 0.50132
200 0.517825
201 0.543363
202 0.530473
203 0.548089
204 0.484607
205 0.466296
206 0.508756
207 0.544024
208 0.49458
209 0.546247
210 0.503892
211 0.478318
212 0.534712
213 0.546734
214 0.495587
215 0.542425
216 0.448367
217 0.505177
218 0.458339
219 0.473871
220 0.506706
221 0.47877
222 0.45344
223 0.500521
224 0.468207
225 0.552919
226 0.541835
227 0.558374
228 0.447915
229 0.466539
230 0.466713
231 0.553579
232 0.499861
233 0.554239
234 0.507331
235 0.490097
236 0.538916
237 0.55483
238 0.501494
239 0.549062
240 0.490618
241 0.463725
242 0.50066
243 0.52401
244 0.461154
245 0.519215
246 0.495379
247 0.457331
248 0.497637
249 0.504309
250 0.454274
251 0.495344
252 0.496942
253 0.519006
254 0.498471
255 0.49583
256 0.520466
257 0.501668
258 0.452154
259 0.507644
260 0.451911
261 0.493468
262 0.517269
263 0.495379
264 0.477589
265 0.443329
266 0.486101
267 0.501807
268 0.444684
269 0.489958
270 0.470987
271 0.437283
272 0.495274
273 0.533183
274 0.445935
275 0.528318
276 0.478457
277 0.499618
278 0.494302
279 0.535754
280 0.526094
281 0.542981
282 0.436901
283 0.490271
284 0.451181
285 0.528388
286 0.529778
287 0.545205
288 0.466887
289 0.448158
290 0.479117
291 0.484399
292 0.436518
293 0.480889
294 0.466956
295 0.433322
296 0.495379
297 0.533565
298 0.443085
299 0.532766
300 0.482453
301 0.477311
302 0.499236
303 0.530785
304 0.510285
305 0.546525
306 0.437074
307 0.48155
308 0.454448
309 0.534538
310 0.518207
311 0.546247
312 0.465427
313 0.48155
314 0.462126
315 0.464454
316 0.490132
317 0.475712
318 0.47467
319 0.484746
320 0.494684
321 0.519527
322 0.517304
323 0.536518
324 0.473801
325 0.477137
326 0.492808
327 0.524114
328 0.500799
329 0.531411
330 0.506046
331 0.48975
332 0.526859
333 0.533252
334 0.511084
335 0.53836
336 0.433218
337 0.473558
338 0.421751
339 0.472099
340 0.496491
341 0.475122
342 0.431515
343 0.482523
344 0.448436
345 0.517894
346 0.52533
347 0.542321
348 0.43082
349 0.476338
350 0.442738
351 0.52804
352 0.506914
353 0.540896
354 0.509382
355 0.493502
356 0.535407
357 0.546664
358 0.516921
359 0.549097
360 0.511501
361 0.487248
362 0.519736
363 0.536484
364 0.499965
365 0.525921
366 0.503961
367 0.484051
368 0.515671
369 0.541487
370 0.488707
371 0.536206
372 0.507192
373 0.525295
374 0.517095
375 0.541765
376 0.530264
377 0.543363
378 0.489298
379 0.519493
380 0.497012
381 0.54041
382 0.526199
383 0.543502
384 0.488013
385 0.469319
386 0.491869
387 0.50344
388 0.477658
389 0.506949
390 0.470605
391 0.45344
392 0.503475
393 0.555455
394 0.481376
395 0.555837
396 0.479882
397 0.497047
398 0.500347
399 0.553614
400 0.517234
401 0.551077
402 0.455768
403 0.490271
404 0.474948
405 0.560563
406 0.520083
407 0.556115
408 0.470987
409 0.450903
410 0.476789
411 0.507992
412 0.453162
413 0.501598
414 0.464246
415 0.453162
416 0.495969
417 0.550452
418 0.462543
419 0.548958
420 0.483912
421 0.505942
422 0.495657
423 0.552432
424 0.5377
425 0.554274
426 0.454587
427 0.503683
428 0.467547
429 0.552293
430 0.541418
431 0.560215
432 0.482106
433 0.485962
434 0.475434
435 0.497741
436 0.486692
437 0.506984
438 0.470257
439 0.478214
440 0.495448
441 0.543885
442 0.5082
443 0.542286
444 0.480507
445 0.501703
446 0.496803
447 0.54583
448 0.532905
449 0.553301
450 0.49378
451 0.505559
452 0.51845
453 0.544441
454 0.53294
455 0.548819
456 0.452988
457 0.488534
458 0.4541
459 0.510528
460 0.499861
461 0.50747
462 0.44934
463 0.483322
464 0.467373
465 0.546143
466 0.514142
467 0.542669
468 0.453822
469 0.50688
470 0.468311
471 0.554309
472 0.543294
473 0.550695
474 0.502189
475 0.508061
476 0.521577
477 0.549861
478 0.542634
479 0.543607
480 0.44663
481 0.474079
482 0.438881
483 0.445552
484 0.470987
485 0.452814
486 0.451251
487 0.463099
488 0.443815
489 0.469979
490 0.476963
491 0.474218
492 0.450799
493 0.443572
494 0.456428
495 0.473628
496 0.446873
497 0.475191
498 0.468798
499 0.451981
500 0.475365
501 0.474218
502 0.439263
503 0.466852
504 0.439576
505 0.4541
506 0.430577
507 0.432731
508 0.459659
509 0.437665
510 0.444545
511 0.449757
512 0.461015
513 0.498193
514 0.49378
515 0.508096
516 0.433148
517 0.427762
518 0.452224
519 0.489159
520 0.450452
521 0.492669
522 0.456011
523 0.446942
524 0.487665
525 0.507262
526 0.45337
527 0.489646
528 0.435372
529 0.448819
530 0.436206
531 0.442043
532 0.456602
533 0.451703
534 0.451633
535 0.456949
536 0.462891
537 0.4918
538 0.490618
539 0.507227
540 0.441591
541 0.452293
542 0.456046
543 0.491279
544 0.488082
545 0.50205
546 0.472377
547 0.46376
548 0.493746
549 0.509451
550 0.493989
551 0.511258
552 0.433912
553 0.436379
554 0.43829
555 0.457992
556 0.438742
557 0.456011
558 0.427971
559 0.427832
560 0.450799
561 0.491696
562 0.453718
563 0.492808
564 0.440584
565 0.453822
566 0.458478
567 0.493224
568 0.489333
569 0.508965
570 0.442286
571 0.451668
572 0.463238
573 0.496247
574 0.497985
575 0.506324
576 0.446873
577 0.438638
578 0.456463
579 0.458965
580 0.435163
581 0.450208
582 0.458756
583 0.442495
584 0.487144
585 0.504343
586 0.461953
587 0.490479
588 0.472099
589 0.478666
590 0.495935
591 0.507227
592 0.496143
593 0.512891
594 0.447846
595 0.454795
596 0.458478
597 0.491591
598 0.49041
599 0.500799
600 0.458096
601 0.504309
602 0.463377
603 0.49253
604 0.498714
605 0.5
606 0.450452
607 0.495379
608 0.447464
609 0.514072
610 0.500208
611 0.518867
612 0.461744
613 0.492043
614 0.463516
615 0.518416
616 0.496004
617 0.520952
618 0.496664
619 0.497637
620 0.501181
621 0.520361
622 0.493746
623 0.518207
624 0.436518
625 0.479013
626 0.445031
627 0.472689
628 0.480646
629 0.470361
630 0.435302
631 0.47262
632 0.453718
633 0.541626
634 0.517408
635 0.549965
636 0.432279
637 0.461883
638 0.44253
639 0.533669
640 0.492425
641 0.536518
642 0.477832
643 0.474044
644 0.510667
645 0.543607
646 0.497047
647 0.532175
648 0.424461
649 0.468103
650 0.429778
651 0.47665
652 0.481098
653 0.495448
654 0.433739
655 0.473767
656 0.444858
657 0.531689
658 0.510598
659 0.542947
660 0.437144
661 0.48009
662 0.446456
663 0.523732
664 0.531168
665 0.539333
666 0.497047
667 0.506289
668 0.521126
669 0.544823
670 0.535441
671 0.545309
672 0.448541
673 0.472133
674 0.440202
675 0.498124
676 0.486518
677 0.499166
678 0.435962
679 0.469944
680 0.444302
681 0.531897
682 0.49583
683 0.5336
684 0.435163
685 0.489507
686 0.447776
687 0.525955
688 0.528353
689 0.546143
690 0.475851
691 0.503336
692 0.49722
693 0.539715
694 0.52672
695 0.539333
696 0.465219
697 0.469354
698 0.474739
699 0.493224
700 0.468798
701 0.480299
702 0.471091
703 0.476581
704 0.502814
705 0.537179
706 0.49385
707 0.521612
708 0.487978
709 0.507123
710 0.507192
711 0.537318
712 0.531202
713 0.538707
714 0.473072
715 0.488951
716 0.492842
717 0.522307
718 0.517825
719 0.532384
;; max = 405
;; min = 338
;; min = 338
;; maxCounter = 512
;; total = 28780
;; totalCounter = 20
;; boards[max] = 0.560563
;; boards[min] = 0.421751
;; boardsCounter[maxCounter] = 0.95
