1 11.347
1 10.942
1 10.924
2 11.035
2 11.013
2 11.008
3 10.873
4 10.878
4 10.912
5 10.957
6 10.879
8 10.899
9 10.887
11 10.967
13 10.905
16 10.912
19 11.009
22 10.94
27 10.913
32 10.867
38 10.897
45 10.886
53 12.064
64 10.864
76 10.909
90 11.123
107 10.928
128 10.798
152 10.988
181 10.935
215 10.901
256 10.901
304 11.288
362 10.813
430 10.799
512 10.738
608 10.607
724 10.447
861 10.306
1024 10.203
1217 9.884
1448 9.609
1722 9.341
2048 9.035
2435 8.763
2896 8.309
3444 8.005
4096 8.113
4871 7.331
5792 6.965
6888 6.672
8192 6.391
9742 6.083
11585 5.804
13777 6.011
16384 5.612
19484 5.298
23170 5.361
27554 5.175
32768 5.205
38968 5.06
46341 5.007
55109 4.959
65536 4.981
77935 4.812
92682 4.712
110218 4.607
131072 4.513
155871 4.428
185363 4.293
220436 4.228
262144 4.138
311743 4.042
370727 3.958
440871 3.89
524288 3.834
623487 3.787
741455 3.743
881743 3.704
1048576 3.702
1246974 3.66
1482910 3.667
1763487 3.641
2097152 3.627
2493948 3.651
2965820 3.701
3526975 3.664
4194304 3.692
4987896 3.721
5931641 3.775
7053950 3.843
8388608 3.907
9975792 3.996
11863283 4.114
14107900 4.221
16777216 4.347
19951584 4.461
23726566 4.622
28215801 4.774
33554432 4.948
39903169 5.091
47453132 5.321
56431603 5.507
67108864 5.757
79806338 6.02
94906265 6.315
